Arrow	Top left corner		Approximate angle
	(of 97.9 x 52.3 cm)
1	83.13, 2.91		120	
2 	76.78, 4.5		-100
3	81.6, 6.56		-60
4	78.64, 7.78		120
5	84.35, 8.31		135
6 	82.71, 9.79		135
7	84.66, 10.95		-30	
8 	76.94, 9.74		-100	
9	76.36, 12.65		180		
10	79.85, 12.12		-50
11	77.05, 14.66		5
12	81.6, 15.03		-45	
13	78.84, 16.3		210		
14	84.82, 14.79		50		
15	85.83, 16.84		-120	
16	69.85, 9.52		135	
17	69.85, 12.38		135		
18	71.6, 13.12		-45	
19	73.08, 15.35		-60	
20	71.91, 16.72		120	
21	74.87, 18.79		-45